entropy: 0.9905894286537543
error: 0.4429530201342282